>> lec2A
[  0,  1,  0,  0,  0,  0,  0, -1,  0,  0,  0,  0,  0,  0,  0,  0,  0,  0]
[ -a,  a,  0,  0,  0,  0,  0,  0,  a, -a,  0,  0,  0,  0,  0,  0,  0,  0]
[ -1,  0,  1,  0,  0,  0,  0,  0,  0,  0,  0,  0,  0,  0,  0,  0,  0,  0]
[  0,  0,  a,  a,  0,  0, -a, -a,  0,  0,  0,  0,  0,  0,  0,  0,  0,  0]
[  0,  0,  0,  1,  0,  0,  0,  0,  0, -1,  0,  0,  0,  0,  0,  0,  0,  0]
[  0,  0, -a,  a,  0,  0,  0,  0,  0,  0,  a, -a,  0,  0,  0,  0,  0,  0]
[  0,  0, -1,  0,  1,  0,  0,  0,  0,  0,  0,  0,  0,  0,  0,  0,  0,  0]
[  0,  0,  0,  0,  a,  a,  0,  0, -a, -a,  0,  0,  0,  0,  0,  0,  0,  0]
[  0,  0,  0,  0,  0,  1,  0,  0,  0,  0,  0, -1,  0,  0,  0,  0,  0,  0]
[  0,  0,  0,  0,  0,  0,  0,  1,  0,  0,  0,  0,  0, -1,  0,  0,  0,  0]
[  0,  0,  0,  0,  0,  0, -a,  a,  0,  0,  0,  0,  0,  0,  a, -a,  0,  0]
[  0,  0,  0,  0,  0,  0, -1,  0,  1,  0,  0,  0,  0,  0,  0,  0,  0,  0]
[  0,  0,  0,  0,  0,  0,  0,  0,  a,  a,  0,  0, -a, -a,  0,  0,  0,  0]
[  0,  0,  0,  0,  0,  0,  0,  0,  0,  1,  0,  0,  0,  0,  0, -1,  0,  0]
[  0,  0,  0,  0,  0,  0,  0,  0, -a,  a,  0,  0,  0,  0,  0,  0,  a, -a]
[  0,  0,  0,  0,  0,  0,  0,  0, -1,  0,  1,  0,  0,  0,  0,  0,  0,  0]
[  0,  0,  0,  0,  0,  0,  0,  0,  0,  0,  a,  a,  0,  0, -a, -a,  0,  0]
[  0,  0,  0,  0,  0,  0,  0,  0,  0,  0,  0,  1,  0,  0,  0,  0,  0, -1]
[  0,  0,  0,  0,  0,  0,  0,  0,  0,  0,  0,  0, -1,  0,  1,  0,  0,  0]
[  0,  0,  0,  0,  0,  0,  0,  0,  0,  0,  0,  0,  0,  0, -1,  0,  1,  0]
 
>> exit

 135919 flops.

